005930
000660
035420
035720
373220
005380
000270
068270
207940
005490
105560
055550
086790
316140
028260
051910
006400
066570
012450
329180
034020
003670
247540
086520
196170
011200
003490
033780
015760
009150
096770
035250
017670
030200
032640
010130
010950
267250
078930
018260
036570
259960
251270
352820
000810
012330
009540
047050
161390
000100
003550
000120
006260
006800
010620
011170
011780
018880
023530
024110
028050
029780
034730
036460
042660
051900
052690
071050
069500
079550
000720
001040
001450
001740
001800
002790
003000
003090
003230
003300
003410
003620
004020
004170
004370
004990
005070
005830
005850
005940
006360
006650
006730
006840
007070
007310
008560
008770
009240
009830
010120
010140
010060
010780
011070
011790
012750
014680
015020
016360
016380
017800
018670
020150
021240
022100
023590
024090
025900
026960
027410
028300
028670
029960
030000
030520
031430
032830
033240
034220
036930
039490
042700
047810
051600
058470
064350
066970
069620
078340
081660
086280
090430
090460
096530
097950
103140
103590
112610
114090
120110
128940
138040
139480
145720
161890
180640
181710
192820
194480
214320
214450
267260
271560
272210
282330
285130
293490
298020
300720
302440
307950
323410
326030
336260
348370
357780
361610
365340
375500
377300
381970
393890
402340
403870
005935
000880
007660
000150
000670
002380
002840
004000
004800
005300
006040
006280
006390
006740
007460
